100
35763 16836
93694 4939
9 11
75350 10847
27579 62254
48272 14536
7 13
29192 58340
34359 16207
41887 17236
24450 36568
91606 7791
56544 8583
8460 44499
80098 3931
58578 35807
44944 21519
20406 75030
10308 63098
28709 69067
13228 26608
37191 39195
77445 20150
22059 35463
36997 39849
60260 17742
96634 660
80142 13222
30592 23030
28136 12274
51675 20228
0 1
60121 35293
35437 28505
2 0
65832 30117
33121 8536
36331 27963
0 100000
10309 18591
25396 19468
56411 27142
65500 31755
1246 31060
69224 21
74396 3729
93105 3946
40054 44743
95607 550
45550 19505
0 2
60557 39164
68417 4373
13823 76979
58093 40387
50000 50000
1 1
8707 43717
86236 3996
79877 11564
70693 12116
21814 37093
15313 8431
43684 35231
9395 10381
1 0
26945 52719
91832 1194
94976 561
98405 456
93485 857
100000 0
96399 3258
88717 2393
87483 12475
63577 29291
94979 2639
79560 9176
78258 13037
53895 15638
75808 1431
4129 74783
60079 28613
11010 55997
40146 15422
45566 22401
59912 25865
12149 85918
82394 7264
97189 955
73615 21605
57801 41161
62320 15958
5987 93457
45899 24226
98897 748
88068 11811
30268 25210
80040 8347
48355 5209
