100
601 482
1372 1145
1551 1044
793 4
1458 768
1480 1114
637 322
1979 1843
1814 1251
1984 1763
1576 593
1788 612
1762 1376
1052 785
1467 1075
1801 1
917 109
1540 1393
2 1
1932 1213
1175 5
705 461
1907 293
820 292
1173 893
1555 1081
664 95
1006 324
1269 327
1975 1621
1997 1318
773 335
1158 373
733 480
1836 453
1893 869
916 890
1573 1414
1920 46
1512 1510
1096 424
2000 1
1948 1085
1123 131
1680 1270
1510 1102
1354 44
1690 117
521 141
1142 527
1960 1811
1325 904
1884 1737
1854 462
1756 231
1388 559
1883 1363
1258 880
1629 141
1210 1118
1120 241
1438 857
1465 1221
2000 1999
1 0
399 74
1295 1080
1061 977
1602 1485
1679 1581
1603 15
2000 0
1666 68
1509 692
1994 532
1676 1374
1340 717
1010 516
913 503
1466 802
1666 601
210 144
1597 389
1794 1549
141 69
1985 1342
1824 1497
1743 3
953 844
1793 1606
1991 1387
1311 139
1818 147
1911 1076
428 188
1871 378
1486 96
896 318
1730 219
1395 991
