100
939 8
10 1
46 72 135 180 244 263 360 565 850 856
26 15 18 31 27 9 10 25 22
10 2
25 50 61 115 166 171 336 385 705 970
4 20 26 5 16 28 14 12 1
10 2
173 198 307 424 442 504 567 716 721 767
7 30 2 1 2 27 11 21 21
10 1
99 107 139 157 172 256 352 366 598 716
1 13 3 9 30 25 21 18 12
10 1
58 90 138 149 174 271 275 318 518 563
20 14 12 2 23 6 20 2 4
10 1
20 22 33 63 66 122 232 454 537 546
21 4 1 28 7 21 5 24 3
10 1
120 158 247 323 570 744 777 847 898 957
21 15 2 27 23 4 22 20 27
10 1
45 83 84 93 146 230 368 428 528 963
16 25 21 3 5 15 3 29 9
967 8
2 2
783 955
22
2 2
315 617
28
3 2
517 770 801
18 7
10 1
126 145 147 181 254 263 510 649 888 906
11 28 15 27 31 17 7 28 29
2 2
442 542
22
4 1
435 645 853 946
6 20 29
1 1
906

7 2
101 178 190 269 393 584 832
22 12 14 21 30 8
1000 8
10 2
32 60 78 143 219 235 372 387 678 845
31 30 22 11 23 18 21 25 5
10 2
104 135 138 212 280 383 396 437 508 622
7 1 1 9 32 28 21 30 33
10 2
52 99 121 124 219 243 265 386 760 800
24 31 9 25 11 21 12 12 6
10 1
18 24 38 48 67 118 159 216 371 697
7 28 13 31 27 32 9 25 16
10 1
27 38 49 51 98 168 232 379 477 779
4 6 6 26 1 12 11 29 23
10 2
128 140 178 205 213 230 315 375 475 761
17 28 23 9 1 27 21 18 13
10 2
22 38 62 90 96 103 160 234 396 780
28 15 11 22 30 12 13 4 24
10 1
147 162 225 274 280 297 461 514 688 889
16 25 28 24 14 16 31 9 1
959 8
10 2
55 78 83 86 104 175 195 282 390 655
25 22 22 11 19 36 8 8 3
10 1
108 114 146 178 324 494 611 627 792 931
2 38 33 15 15 45 27 22 5
10 2
18 22 38 51 103 143 169 180 294 514
44 11 35 18 11 41 42 30 38
10 1
49 69 111 153 210 363 471 576 721 773
43 2 30 27 34 36 2 38 43
10 1
55 69 91 162 285 316 489 586 614 689
11 44 11 37 22 11 36 43 14
10 1
70 74 91 119 176 268 490 531 690 754
7 34 24 22 36 4 5 30 4
10 1
105 110 212 305 308 371 436 576 641 928
23 46 22 8 41 19 17 8 34
10 1
9 15 25 42 55 64 114 223 378 524
38 47 46 15 27 6 24 38 24
905 8
2 2
831 976
22
8 1
59 113 125 155 292 380 522 910
4 21 7 16 2 4 21
7 2
63 121 137 259 344 523 606
10 7 16 3 1 7
8 1
118 138 177 307 319 407 747 963
17 2 22 12 11 20 7
2 1
584 860
8
8 1
112 124 244 443 731 743 797 894
12 11 17 7 17 22 21
3 2
164 326 558
21 16
9 1
158 161 176 224 325 345 396 465 770
15 18 3 17 6 3 3 19
940 8
10 1
8 17 20 28 54 81 163 266 386 734
4 53 5 42 34 83 42 25 92
10 2
46 49 70 75 82 102 189 315 524 558
38 57 28 77 16 17 37 46 15
10 2
21 30 44 56 101 113 196 261 423 795
29 11 55 93 76 94 14 6 74
10 1
81 115 138 140 253 301 342 378 511 926
75 39 49 17 8 43 66 38 46
10 2
39 41 66 78 113 200 307 509 523 716
40 71 24 26 22 49 81 72 8
10 2
21 25 41 47 88 151 202 263 494 978
79 9 83 9 41 86 37 65 2
10 2
111 141 147 204 274 288 381 649 819 974
53 77 86 6 73 92 39 40 10
10 1
101 110 186 258 304 359 415 593 856 917
49 62 30 77 53 12 2 8 74
994 8
6 2
282 461 486 616 718 920
66 7 50 64 37
3 2
493 525 790
60 74
2 1
769 854
32
6 2
277 470 534 580 632 787
62 35 43 95 73
7 2
50 67 121 198 393 428 841
41 33 18 3 43 49
2 2
421 690
23
10 2
57 70 108 150 266 279 297 362 507 568
68 46 10 7 29 70 45 12 69
8 2
39 57 112 160 233 387 609 864
31 15 59 32 19 59 81
924 8
10 1
256 334 346 405 458 536 713 721 722 819
16 12 7 6 6 1 10 9 16
10 1
97 102 126 204 260 291 300 437 800 974
1 22 1 10 21 1 21 15 9
9 2
25 36 51 55 86 97 157 310 501
23 4 19 10 12 22 18 23
7 2
54 108 149 236 377 544 915
19 2 5 13 9 5
9 1
106 168 258 280 531 549 689 769 851
16 22 6 21 9 21 5 9
1 1
605

6 1
53 63 116 201 333 625
14 6 6 18 21
10 2
53 72 132 140 204 235 279 318 601 745
11 21 2 23 5 5 2 7 10
992 8
10 2
44 46 63 82 128 151 214 220 415 551
1 10 24 27 30 33 7 31 1
10 2
54 70 97 118 194 319 438 644 658 986
2 18 1 29 19 15 11 21 18
10 2
85 100 161 223 228 347 413 646 671 686
29 7 28 32 15 33 5 28 14
10 2
35 66 68 87 102 129 200 287 381 620
21 15 33 27 15 24 22 7 1
10 2
9 19 39 42 52 85 123 189 376 689
29 27 16 31 4 26 2 19 7
10 1
23 28 35 62 67 99 179 334 661 808
19 28 31 18 4 8 20 27 18
10 1
12 14 17 19 39 77 137 206 341 554
14 8 27 13 3 17 23 24 8
10 2
62 124 181 189 201 395 529 601 892 966
25 5 18 12 17 19 26 11 14
954 8
1 1
934

1 1
756

5 2
256 315 556 568 775
35 5 33 15
2 1
467 921
30
1 1
643

9 2
58 68 99 115 185 325 435 670 822
43 6 20 23 2 12 30 15
5 1
250 289 387 632 972
40 10 8 19
4 2
225 403 566 669
18 15 21
916 8
5 2
122 147 196 303 570
13 14 20 7
10 1
60 64 97 113 182 216 320 462 649 801
22 18 5 1 21 3 19 3 11
4 1
191 340 490 673
5 20 10
6 1
203 205 257 475 695 739
13 16 5 8 10
2 2
701 889
14
8 2
219 279 353 377 518 529 865 889
21 21 8 13 22 5 15
6 2
76 147 251 255 420 594
15 6 10 13 3
3 1
681 690 833
18 1
979 8
10 2
18 25 33 43 49 99 159 261 433 561
22 19 1 3 15 24 1 7 25
1 1
595

7 1
127 186 240 268 315 545 818
25 32 30 1 3 16
7 1
146 176 246 283 361 512 605
15 21 11 16 5 5
6 2
172 278 357 476 501 694
32 25 23 24 8
10 2
81 123 192 205 329 501 525 576 602 939
10 26 20 1 26 2 22 24 26
9 1
56 98 145 148 208 319 348 425 742
26 29 18 10 27 4 30 23
7 1
143 173 337 382 535 733 944
11 2 28 27 7 26
967 8
3 1
472 659 722
45 32
8 2
132 173 225 304 362 477 708 864
26 10 20 24 20 3 39
4 1
343 407 547 774
26 48 40
5 1
198 235 405 525 685
18 17 32 18
6 1
158 239 466 629 779 805
31 30 24 39 24
9 1
20 34 37 56 74 127 226 395 570
4 23 48 29 42 14 6 3
7 2
59 104 122 136 255 257 515
24 44 3 2 5 43
1 1
745

905 8
10 2
51 59 63 85 107 180 298 474 751 795
12 5 5 9 3 3 6 15 13
1 1
564

10 2
38 53 59 111 142 162 310 589 674 744
12 18 8 6 7 18 4 9 6
5 1
280 288 415 566 821
11 1 16 5
3 1
556 607 861
13 18
8 1
116 119 138 142 234 240 463 676
16 18 13 15 10 13 11
7 1
105 117 147 159 307 522 704
10 11 13 2 2 7
3 1
184 267 506
8 13
920 8
2 1
338 646
7
3 1
734 742 937
5 6
8 1
134 192 202 214 304 338 652 743
10 14 14 16 11 16 4
7 1
93 99 163 209 343 478 543
1 14 10 6 7 15
2 2
358 694
9
6 2
209 222 270 351 507 785
1 9 14 8 11
2 1
659 767
17
7 1
256 426 556 588 649 820 880
6 2 17 4 4 4
934 8
2 1
555 863
34
3 1
500 694 940
5 24
3 1
289 512 975
11 26
9 1
151 225 393 528 545 590 762 950 989
25 30 27 3 29 36 38 9
6 1
247 400 686 719 802 896
27 1 34 26 12
3 2
539 580 869
38 40
8 2
38 73 79 91 167 256 357 646
26 21 26 41 41 15 9
5 1
148 192 306 412 671
22 25 40 42
908 8
3 1
299 302 578
23 35
6 2
138 276 485 602 683 751
10 15 40 23 22
5 2
71 140 177 271 531
44 27 24 25
3 1
401 472 881
22 34
9 2
92 101 168 313 350 570 669 756 992
20 2 38 6 11 35 42 41
2 1
441 834
23
7 2
87 96 106 206 316 470 888
45 7 34 14 3 36
10 2
63 109 115 117 136 212 236 467 508 964
22 26 8 27 12 17 42 25 40
948 8
1 1
689

10 1
69 98 178 187 304 351 366 522 771 887
90 22 20 4 71 65 81 14 22
8 2
133 161 167 186 211 342 416 586
9 59 55 16 49 33 48
6 2
177 282 293 368 631 808
71 56 57 37 94
6 2
65 112 222 282 440 583
21 48 68 14 72
3 1
424 435 821
89 73
6 1
52 101 186 202 340 604
85 70 83 58 51
6 1
179 246 318 573 675 720
55 66 53 25 79
953 8
4 2
487 625 655 711
28 5 35
8 2
157 195 271 302 485 579 581 746
18 79 81 45 71 8 37
6 2
326 397 599 678 739 916
88 7 80 23 23
6 1
86 109 156 293 326 645
72 6 11 43 71
5 2
317 379 408 468 569
47 42 12 73
3 2
362 510 906
72 71
1 1
927

2 1
665 810
14
992 8
10 2
32 52 94 106 152 172 292 344 512 556
16 6 1 1 5 15 24 16 11
10 2
18 27 39 53 103 130 243 353 601 626
7 7 21 14 5 1 1 20 10
10 2
11 17 27 34 66 86 162 267 393 709
1 8 7 5 15 23 6 23 9
10 2
30 57 84 146 250 313 451 529 809 920
6 24 19 22 8 2 6 15 8
10 2
31 37 57 96 144 198 384 497 807 941
11 3 23 18 4 11 4 22 21
10 1
29 54 59 76 126 219 382 394 711 827
10 19 3 19 12 23 16 6 10
10 2
41 48 81 88 95 147 221 231 289 541
21 6 16 5 15 24 7 7 11
10 2
19 20 35 63 122 154 224 382 648 950
16 4 17 5 7 24 22 10 24
926 8
8 1
57 87 96 115 191 373 424 740
37 23 8 39 31 11 44
3 1
720 742 814
44 31
5 1
573 595 597 618 955
5 2 30 34
6 1
203 260 341 455 559 614
39 27 28 39 42
3 2
267 502 887
22 5
7 1
95 167 210 311 586 650 816
45 14 44 10 16 45
3 1
486 607 697
32 17
3 2
456 617 655
19 22
945 8
3 1
243 456 758
24 43
9 1
110 159 222 241 341 419 622 823 913
84 38 26 54 86 48 86 52
8 1
83 166 240 472 513 688 817 995
81 85 23 82 21 55 80
2 1
710 907
64
10 1
127 138 147 211 225 340 352 405 564 952
78 78 30 74 80 1 27 16 45
10 1
60 86 129 255 263 354 512 553 809 823
48 70 72 49 77 16 51 59 77
10 2
46 54 70 78 132 166 223 251 443 630
40 91 92 22 3 38 57 10 73
3 2
326 575 771
89 61
911 8
2 1
789 828
9
8 2
107 111 203 277 381 653 827 971
11 14 17 19 17 19 20
3 2
556 798 894
9 4
5 1
97 150 296 584 870
17 5 16 4
6 1
268 280 360 464 489 903
4 22 1 21 2
4 2
502 520 629 914
14 15 16
3 2
420 719 736
6 18
8 2
35 57 99 161 262 291 521 736
2 18 21 8 14 3 13
962 8
4 1
202 285 467 741
5 13 2
9 2
132 177 270 477 559 601 617 639 927
7 15 19 9 1 16 11 20
3 2
504 596 887
21 22
10 2
62 82 86 107 154 239 284 391 432 742
9 3 1 15 6 17 20 15 18
5 1
346 416 430 558 692
3 5 4 15
3 1
292 533 706
4 19
1 1
875

5 2
251 262 343 656 999
10 5 16 16
972 8
2 1
377 746
17
5 2
413 415 528 674 734
5 16 15 12
6 2
91 140 208 393 707 818
11 1 9 5 11
1 1
834

3 2
408 623 999
13 3
10 2
55 73 85 108 135 139 237 350 638 700
15 15 13 11 19 15 9 5 6
8 2
64 78 122 237 313 370 542 897
7 5 14 17 11 9 3
8 2
243 292 301 471 619 734 795 827
15 16 6 5 10 16 13
959 8
8 1
157 252 300 500 611 712 778 865
44 21 47 1 25 43 9
2 2
628 631
37
8 2
110 212 219 391 426 698 728 985
34 4 28 25 8 17 41
7 2
115 210 222 255 423 721 931
22 23 22 28 4 1
10 1
13 20 23 34 65 111 131 213 336 577
19 46 3 19 2 43 8 19 14
3 2
390 564 760
33 14
7 2
114 169 182 194 374 589 900
39 17 16 40 17 32
8 1
130 247 393 477 647 708 727 988
10 36 12 5 46 6 31
974 8
10 1
23 26 29 46 85 105 187 322 391 609
13 1 12 11 31 21 22 3 26
1 1
572

7 1
68 83 132 243 371 645 721
20 32 15 14 5 2
1 1
985

7 2
123 245 322 340 581 616 829
8 6 13 12 16 14
4 1
177 347 486 532
26 27 22
10 1
69 81 83 99 102 120 155 274 285 542
12 3 2 18 18 18 21 17 6
4 1
316 358 580 734
24 7 15
974 8
10 2
46 66 93 118 159 199 243 363 463 927
5 12 30 21 18 28 37 43 16
1 1
550

5 1
471 498 688 804 887
10 34 20 33
4 2
455 525 640 864
13 13 35
5 1
554 582 628 690 739
7 37 42 39
3 1
814 841 870
43 36
3 1
632 684 778
5 19
6 1
109 110 158 274 276 517
31 5 22 46 8
926 8
7 2
115 156 279 445 459 824 833
16 6 12 6 5 6
3 1
688 696 785
8 7
2 2
520 526
16
8 1
47 72 78 83 166 333 374 577
17 13 12 14 6 13 18
9 2
31 48 81 98 169 332 366 526 568
3 10 7 1 8 6 17 12
2 2
336 574
14
6 2
259 280 397 590 829 964
4 11 10 15 16
8 2
176 201 227 252 357 424 478 578
8 3 18 1 11 8 16
964 8
10 2
51 55 69 102 138 150 178 247 458 648
24 11 22 17 11 7 9 19 18
4 1
190 359 651 818
9 4 15
8 1
295 386 395 591 605 700 817 890
18 5 12 22 6 5 3
1 1
901

10 1
56 60 118 221 241 285 450 736 801 887
14 16 5 8 12 18 3 2 24
9 1
148 158 185 220 222 316 336 369 701
21 8 6 19 11 3 17 24
8 1
39 79 112 151 236 441 713 766
3 12 11 19 19 23 8
1 1
983

949 8
10 1
21 41 46 89 121 150 192 313 407 656
58 16 56 76 10 82 40 45 63
3 1
506 548 935
72 22
2 1
535 617
5
5 2
154 239 337 564 822
66 38 54 66
9 1
122 169 209 325 364 428 729 741 947
24 56 69 80 88 6 79 24
7 2
122 128 141 174 300 450 772
53 55 58 48 58 70
10 1
46 83 109 111 129 131 213 346 350 580
7 93 45 77 67 72 50 27 59
2 1
411 590
84
941 8
9 2
33 41 44 70 93 187 367 458 511
16 17 4 16 14 18 13 12
2 1
457 553
4
10 1
23 27 48 90 123 167 183 338 350 647
14 10 10 7 7 15 9 2 7
7 1
94 112 150 184 196 335 540
18 18 7 4 4 10
5 2
324 351 368 529 617
17 4 13 11
8 2
80 133 211 346 523 550 560 641
14 10 15 4 16 12 7
6 2
223 254 476 552 774 958
16 2 11 13 1
5 2
200 206 246 432 778
4 3 14 18
962 8
2 2
484 799
10
6 1
81 95 133 222 389 764
7 11 17 16 9
6 1
118 130 135 186 360 557
19 13 22 19 22
9 1
79 89 147 176 235 357 398 414 547
10 3 3 20 13 4 17 15
9 2
49 70 103 124 183 209 359 716 950
15 21 19 21 3 10 14 4
9 1
226 274 362 488 513 526 570 964 974
4 18 13 11 9 23 7 23
6 1
145 157 230 391 544 586
7 11 16 12 11
4 1
196 343 645 648
8 3 11
962 8
5 2
742 797 872 896 900
7 22 1 3
5 1
463 484 537 555 874
37 26 34 14
3 1
316 436 680
42 35
5 2
157 287 417 495 764
25 24 31 2
8 2
90 125 134 176 238 392 465 599
6 9 13 10 37 3 12
9 2
52 80 122 160 235 386 607 848 926
32 36 32 24 10 42 34 17
3 1
343 477 776
12 13
9 2
101 136 171 292 330 461 526 579 647
12 5 46 48 11 27 13 43
978 8
10 2
16 20 34 57 82 120 126 240 381 763
33 22 34 42 10 41 35 43 26
10 1
32 51 85 97 131 241 303 367 504 546
8 31 22 41 31 1 27 28 13
10 1
18 26 52 62 96 125 226 334 396 701
24 35 7 20 8 22 24 38 33
10 1
25 47 79 87 138 216 282 315 629 755
25 15 45 47 31 14 23 17 44
10 2
82 91 130 156 183 325 480 573 805 986
6 34 38 10 37 21 23 32 45
10 1
64 97 114 159 179 275 335 659 864 882
45 1 39 32 37 21 45 39 28
10 1
131 190 247 290 335 370 379 387 423 771
32 45 30 24 42 21 41 42 6
10 1
149 193 212 340 409 452 492 507 580 629
4 35 26 33 10 5 19 31 12
905 8
2 1
554 992
27
7 2
90 99 138 210 285 519 826
4 25 21 28 16 25
2 2
623 907
22
10 1
9 17 34 39 45 55 111 219 372 642
13 27 18 5 27 13 19 20 29
4 2
187 217 407 506
21 10 23
5 1
433 533 698 928 977
17 19 4 25
4 1
160 203 307 604
26 15 16
2 1
547 598
28
981 8
7 2
140 230 240 416 606 769 829
2 17 11 15 14 7
8 1
146 158 176 183 236 264 364 624
3 29 6 4 28 5 24
6 2
285 539 623 683 785 945
10 13 31 4 25
10 1
155 156 168 173 300 363 713 723 756 826
2 27 17 22 16 8 32 32 8
2 2
823 957
29
8 1
90 138 163 207 215 303 380 627
12 9 1 11 7 28 15
9 2
164 208 363 370 490 527 622 916 918
12 30 28 22 4 28 19 3
1 1
640

922 8
10 2
23 27 34 61 88 137 188 279 310 572
22 21 90 78 60 19 59 30 49
10 2
16 23 42 82 131 262 291 333 653 890
56 32 79 68 42 8 65 50 15
10 1
53 56 84 113 119 133 175 228 399 525
64 7 52 47 26 66 59 31 60
10 2
12 19 25 39 49 74 117 221 438 649
20 8 63 1 81 6 44 70 36
10 1
22 41 56 68 70 87 139 252 436 721
79 90 57 78 21 62 60 71 74
10 2
71 90 160 173 203 222 421 486 580 941
58 10 7 92 51 52 11 18 65
10 1
74 88 120 165 263 361 440 453 601 652
15 21 13 91 18 44 87 71 27
10 1
113 139 222 242 348 354 417 486 757 760
17 50 27 29 69 71 91 53 78
967 8
10 2
48 80 84 106 133 229 241 286 390 502
13 32 95 43 78 74 20 59 31
5 2
219 227 362 518 847
72 89 78 13
2 1
616 876
83
6 1
229 337 400 735 793 979
4 93 40 83 7
10 1
67 100 165 184 200 292 353 537 565 735
19 51 79 21 71 64 10 83 35
2 2
534 565
5
2 2
715 875
17
5 1
190 379 749 830 835
89 75 28 21
905 8
7 2
106 213 283 351 484 513 635
74 10 80 60 6 56
6 1
397 401 462 585 666 885
19 83 52 36 2
8 2
63 120 160 165 291 375 416 765
77 61 64 86 13 9 47
1 1
706

9 2
63 119 200 219 341 387 608 652 892
61 44 26 11 79 48 14 86
4 2
356 403 457 702
76 11 17
9 2
67 74 82 137 208 281 523 611 901
57 34 62 88 80 71 19 43
9 1
45 77 119 165 223 310 495 773 880
84 35 13 87 43 19 55 80
982 8
10 1
60 107 138 150 266 283 338 378 505 508
13 18 15 24 7 11 21 14 5
10 1
87 120 142 144 272 339 383 514 639 657
10 4 11 13 22 5 22 23 14
10 2
163 180 195 295 326 378 562 628 651 813
18 5 16 17 10 2 1 20 7
7 2
63 98 116 153 236 406 599
20 14 2 1 15 2
9 1
161 197 222 369 596 638 688 800 976
16 21 7 1 17 13 7 18
6 1
258 470 485 614 638 643
12 23 20 22 10
4 2
245 341 554 599
14 20 16
3 2
647 722 983
7 6
921 8
5 2
155 207 346 692 942
11 15 15 22
10 1
66 132 144 194 222 241 244 349 597 829
6 21 1 17 19 15 9 12 10
4 2
244 281 361 685
9 13 7
6 1
148 251 343 353 388 742
11 3 14 15 19
2 2
481 617
14
8 2
106 161 193 246 306 456 487 776
1 3 5 17 10 17 18
8 1
140 152 163 199 255 396 494 979
8 20 6 8 11 16 13
7 1
114 180 205 301 398 495 777
9 7 4 17 15 18
994 8
7 2
58 103 134 190 300 473 879
12 31 24 26 3 5
5 2
344 525 528 567 714
2 32 24 2
4 2
189 331 562 568
30 16 31
10 2
23 30 59 103 162 175 221 387 535 957
16 33 23 2 16 32 8 19 25
2 1
692 731
4
6 2
281 386 402 438 574 736
16 15 15 29 28
1 1
625

7 2
96 165 280 332 350 485 604
2 21 19 6 27 32
949 8
6 2
190 233 236 262 372 504
4 11 4 8 9
6 2
129 199 341 378 754 843
13 7 3 7 4
10 1
50 65 109 177 337 357 369 427 457 772
15 4 5 9 20 10 3 30 22
5 1
556 655 701 730 906
19 11 9 1
2 2
415 610
29
10 2
25 41 57 99 151 247 309 314 422 833
30 12 19 11 2 24 5 23 23
10 1
40 63 66 90 104 120 160 182 328 540
12 18 10 13 12 31 14 10 16
3 1
326 617 760
27 20
903 8
1 1
567

8 1
168 222 247 323 412 608 707 869
5 26 9 5 32 37 44
10 1
41 67 81 85 105 182 192 290 572 640
37 40 22 5 23 10 18 42 26
6 2
228 246 253 384 569 605
17 37 15 1 7
3 1
530 759 953
29 7
2 1
719 889
33
8 1
208 280 286 322 362 536 951 984
37 6 20 31 27 26 8
7 1
67 94 161 196 374 527 550
2 31 1 13 37 12
958 8
3 1
489 684 841
22 13
1 1
988

4 2
442 476 502 882
8 25 8
10 2
121 169 182 319 384 393 618 736 765 837
1 7 16 18 10 26 15 22 11
6 2
60 87 165 242 443 886
5 6 30 10 8
2 2
689 991
31
9 2
80 113 130 163 186 198 294 467 935
18 30 20 17 22 20 16 25
6 1
127 204 400 477 541 559
30 6 7 22 10
919 8
4 2
567 640 861 990
18 14 2
5 2
229 410 648 850 977
17 26 11 29
1 1
770

9 1
157 224 248 285 464 495 601 792 965
1 23 8 15 25 13 7 1
10 1
37 55 85 94 110 204 392 483 553 767
16 18 23 30 15 24 21 4 13
2 1
574 886
15
1 1
514

3 2
426 594 736
1 4
961 8
5 1
277 378 442 474 533
17 12 3 2
2 1
471 596
11
5 1
252 502 512 539 563
20 3 3 24
9 1
98 117 135 144 192 300 576 716 794
12 13 15 5 8 24 13 4
10 1
9 17 34 49 50 96 190 268 477 604
21 10 17 5 19 5 15 6 18
9 2
97 114 184 205 220 265 286 451 692
20 1 24 22 20 5 19 16
3 1
322 522 649
18 2
6 1
245 278 301 349 492 873
23 1 9 21 19
939 8
10 2
31 35 64 72 105 156 180 337 458 744
58 17 42 51 70 41 21 28 80
10 2
24 40 50 77 81 139 231 401 570 738
88 45 42 29 46 77 61 81 73
10 1
62 85 94 172 247 255 315 527 581 904
93 18 92 6 84 1 59 7 7
10 1
58 67 112 201 213 274 339 626 638 983
6 62 64 73 85 87 74 9 53
10 1
122 215 241 259 262 467 513 622 880 893
60 25 92 29 59 55 83 33 70
10 1
23 40 51 98 110 184 317 342 454 559
17 49 91 64 69 90 74 57 45
10 2
38 67 83 106 180 250 335 659 676 941
7 71 54 45 19 88 27 27 3
10 1
28 30 34 52 99 155 268 275 400 618
19 12 81 66 54 41 76 53 26
913 8
2 1
845 934
16
9 2
87 92 120 148 162 276 369 712 970
4 17 8 5 7 16 6 18
5 2
410 413 502 614 672
4 16 4 11
8 1
68 92 120 163 232 291 437 734
14 17 20 8 12 16 4
6 2
243 267 321 459 710 748
20 19 5 18 4
10 1
24 27 30 59 112 224 309 408 639 700
8 7 22 1 21 15 13 11 17
2 1
367 666
11
9 2
65 68 88 135 224 236 388 475 519
3 8 1 19 15 4 20 1
911 8
3 2
435 523 622
32 34
9 2
45 55 95 109 175 193 349 531 778
19 33 21 29 26 39 36 7
4 1
424 428 492 772
28 40 29
10 2
26 53 63 108 176 199 217 286 532 652
26 23 36 16 7 1 19 25 27
1 1
618

4 1
159 289 490 604
40 18 12
7 2
50 70 92 115 136 268 537
26 10 13 43 35 44
6 1
229 333 346 376 664 881
9 23 33 24 32
996 8
3 1
775 938 994
24 16
10 1
52 54 97 190 193 247 258 433 704 741
22 5 11 3 22 1 24 13 12
1 1
987

3 2
510 875 981
15 18
5 2
208 276 366 407 694
16 7 18 3
10 2
30 52 59 62 117 149 275 524 536 891
13 7 17 21 13 22 18 10 13
6 2
188 222 342 353 512 731
9 13 15 12 3
10 1
59 110 118 229 294 348 382 393 557 564
8 22 20 20 19 12 15 16 8
975 8
10 1
34 63 64 67 129 194 316 331 459 527
2 11 4 1 20 17 22 10 21
10 2
37 49 67 102 111 212 285 562 610 657
3 2 7 16 20 12 20 13 19
10 1
59 61 65 83 119 239 467 518 925 934
6 18 8 10 5 13 8 3 4
10 1
140 155 221 269 310 398 577 732 739 862
6 20 4 23 13 5 11 12 16
10 2
72 100 108 138 256 399 493 802 886 999
10 18 8 22 6 2 22 11 21
10 1
68 107 135 227 417 446 628 638 658 760
21 11 8 17 11 2 23 4 7
10 2
26 38 41 75 105 199 229 237 468 847
9 14 8 14 8 20 7 10 12
10 1
30 32 50 59 92 158 225 331 348 517
23 9 17 4 12 2 15 9 14
962 8
8 1
99 172 187 336 338 369 406 656
22 34 38 26 33 39 44
1 1
933

5 2
182 239 343 395 526
37 30 11 31
6 2
68 134 234 388 603 813
37 31 8 9 10
2 1
568 742
21
10 2
44 59 75 96 183 201 285 295 493 533
2 6 18 34 20 40 1 41 11
10 1
87 138 164 173 183 279 294 476 670 795
33 7 5 6 40 33 28 45 42
9 1
230 285 300 334 467 624 803 806 830
27 39 13 2 19 37 40 20
964 8
10 2
22 30 44 63 81 111 135 220 420 547
67 16 37 59 55 79 18 15 77
2 1
324 549
73
10 1
93 103 117 146 169 265 310 417 495 916
53 4 83 46 73 62 68 50 52
3 2
509 516 752
34 60
7 2
54 76 106 134 199 394 726
10 23 25 62 32 46
6 1
51 82 135 244 484 542
95 92 18 5 50
2 1
279 511
94
10 2
68 93 131 180 328 379 497 724 808 953
20 83 2 13 75 7 63 20 54
917 8
10 1
52 96 138 145 216 273 421 493 575 781
11 2 10 3 13 7 13 1 9
10 1
104 127 130 158 182 301 506 589 623 696
8 15 2 8 12 6 14 15 2
10 2
32 39 57 70 93 134 143 214 396 635
7 14 5 15 10 11 17 1 6
10 2
16 24 29 30 51 102 167 271 520 540
8 1 5 4 10 16 3 15 2
10 2
66 113 156 217 243 263 365 419 531 860
3 6 13 15 9 15 4 16 7
10 1
20 35 40 78 130 162 286 335 346 515
10 14 14 17 16 6 4 15 14
10 2
30 42 52 76 124 131 171 243 411 633
14 18 18 4 14 4 16 13 2
10 2
41 52 90 173 179 191 277 343 488 938
5 14 17 2 16 13 18 9 5
987 8
10 1
69 75 118 124 127 164 209 317 451 795
15 10 13 11 12 6 11 2 12
10 1
30 61 109 125 159 209 234 407 702 813
19 1 3 9 6 1 3 13 13
10 2
77 86 141 161 205 238 399 411 690 748
1 19 14 12 8 14 14 16 15
10 1
42 51 68 106 181 245 429 496 808 903
18 19 15 10 9 7 7 13 4
10 1
18 25 31 58 93 132 169 209 283 514
4 15 18 10 10 11 6 3 12
10 2
37 43 55 99 103 138 194 254 483 712
17 3 11 17 15 3 17 12 3
10 2
21 33 39 69 79 109 194 327 517 623
19 14 1 19 5 7 4 3 15
10 2
76 102 130 218 278 301 375 628 646 675
8 5 1 17 18 5 12 13 11
952 8
10 2
36 43 47 72 100 155 249 383 655 731
21 26 15 30 16 9 17 4 6
9 2
69 79 111 150 236 269 289 551 746
14 31 29 18 21 28 25 1
3 1
560 591 664
23 24
4 1
225 249 375 633
19 27 24
10 2
19 22 35 54 103 191 211 262 403 778
2 6 26 4 27 11 13 12 19
9 2
46 53 104 117 163 317 394 550 984
5 11 14 7 23 18 30 21
5 2
229 271 389 626 986
22 21 18 4
6 1
156 173 185 290 494 687
29 19 13 9 19
987 8
2 2
321 631
48
6 1
385 425 428 475 657 932
41 5 6 37 46
9 2
24 34 44 58 84 158 244 430 625
12 47 5 7 43 43 12 40
9 2
81 110 141 171 178 243 277 520 991
49 49 37 34 8 49 5 43
6 2
127 245 295 331 350 624
47 34 6 42 42
2 1
470 732
9
3 1
622 729 838
49 34
10 1
41 77 91 119 195 234 329 372 730 979
15 14 21 45 20 17 33 18 23
948 8
10 1
110 116 145 159 245 252 301 311 495 678
2 16 3 17 9 22 2 11 9
10 1
37 38 44 57 73 122 167 314 397 589
21 3 14 10 7 6 5 11 9
10 2
47 80 90 114 135 237 353 622 627 666
10 8 21 14 9 21 18 13 21
10 1
236 259 267 325 392 404 569 683 824 864
9 23 8 8 14 9 3 21 4
10 2
31 60 67 123 205 221 234 456 484 654
5 13 7 18 5 13 21 21 16
10 1
16 30 50 58 97 163 290 363 598 665
17 16 8 13 18 18 1 10 19
10 1
113 123 190 289 353 374 393 627 885 978
20 13 17 16 9 9 22 14 8
10 2
65 82 94 144 175 326 437 569 604 613
14 19 6 8 19 17 3 4 10
950 8
10 1
57 74 97 162 203 262 412 416 537 694
36 11 4 6 46 8 28 23 22
10 2
35 71 136 162 173 216 289 396 678 979
9 38 11 16 31 3 8 38 22
10 1
14 17 22 36 72 114 143 212 410 632
3 44 42 43 1 9 8 27 13
10 2
74 89 107 112 134 215 382 581 657 778
6 40 47 2 4 19 21 14 38
10 1
24 39 77 95 111 117 193 258 362 570
3 26 1 33 25 13 2 21 39
10 2
118 127 151 153 223 262 297 427 445 695
35 1 17 7 7 3 22 3 11
10 1
77 124 136 164 173 256 354 570 643 965
29 22 39 10 22 25 33 47 22
10 1
76 106 158 250 425 438 526 536 548 763
5 42 23 32 10 26 11 27 21
934 8
10 2
20 41 57 67 120 237 266 286 530 722
8 51 82 52 35 67 45 38 83
2 2
384 752
24
1 1
992

9 2
6 12 18 37 70 135 253 410 681
31 24 89 73 4 71 67 6
2 2
493 881
22
10 1
17 32 36 45 81 119 219 291 576 681
33 49 36 58 48 54 31 76 35
9 1
70 102 166 210 225 263 482 667 866
93 6 74 24 22 63 44 24
6 2
121 171 311 470 570 971
55 43 76 21 76
943 8
9 1
97 164 307 403 417 429 430 553 628
69 26 6 63 40 15 4 34
7 2
147 159 166 229 326 542 977
21 71 42 94 38 34
7 1
194 335 383 476 760 786 993
91 44 44 83 24 18
1 1
727

10 2
52 84 164 206 218 244 442 459 521 546
21 14 63 79 32 21 44 58 60
2 2
507 681
57
5 1
191 242 474 484 639
68 4 94 87
1 1
613

901 8
3 1
443 480 518
7 13
1 1
786

3 1
616 664 722
5 4
4 2
223 255 500 869
16 7 16
10 1
8 10 15 27 48 74 141 209 391 647
15 16 15 10 9 2 14 16 8
10 1
34 55 63 68 86 152 300 463 475 948
4 11 16 18 9 18 4 13 10
4 1
188 247 416 785
3 1 16
9 2
72 79 94 133 244 345 531 533 534
14 2 16 10 18 1 16 16
958 8
8 1
165 202 252 304 315 448 521 875
23 31 28 58 37 67 36
8 1
146 162 186 200 212 214 315 578
28 95 92 29 12 43 24
5 2
105 185 253 378 574
3 82 87 44
5 2
152 243 255 345 687
14 12 79 37
9 1
85 97 106 153 156 262 280 362 640
17 18 49 63 9 74 27 12
10 2
56 70 73 125 182 184 225 305 461 755
13 34 26 25 88 26 49 75 3
4 1
409 605 744 891
10 24 42
7 2
96 152 273 338 496 580 802
52 89 92 3 75 50
998 8
2 2
512 729
22
2 2
731 928
84
6 1
171 186 311 518 631 741
1 31 73 4 60
7 1
108 149 224 235 274 497 671
5 92 38 62 87 62
1 1
666

8 1
73 135 199 276 335 360 631 907
95 76 33 58 25 96 33
4 2
229 254 388 729
51 98 76
10 1
28 38 50 73 139 153 189 377 396 586
39 5 25 41 52 63 63 64 24
930 8
5 2
195 226 321 456 639
18 2 17 10
9 1
75 130 221 280 295 438 682 746 849
3 11 11 14 4 7 10 8
10 1
46 77 105 164 233 440 463 477 773 860
7 4 17 10 18 10 7 15 18
3 2
302 324 611
6 17
2 1
586 917
11
1 1
519

4 2
365 539 601 784
1 10 15
8 1
115 127 131 133 257 421 452 686
2 7 18 13 11 18 16
1000 8
2 2
573 832
10
9 2
39 59 106 171 173 275 516 668 992
5 29 25 14 6 6 16 12
5 1
357 489 534 554 946
13 12 11 23
8 1
52 75 97 104 124 233 416 621
28 24 22 25 16 21 6
4 1
254 341 483 607
2 13 21
9 1
112 128 188 194 197 299 325 438 785
9 24 13 32 7 13 19 27
2 1
640 991
7
9 1
89 103 146 181 203 319 322 429 561
23 16 6 20 23 32 28 33
942 8
5 2
148 156 284 385 694
18 19 27 3
1 1
899

10 1
33 36 53 73 115 158 241 422 470 543
18 12 19 11 11 27 31 9 21
4 1
178 240 406 703
21 22 24
8 1
129 181 237 309 350 499 611 674
4 25 7 23 12 7 6
3 1
615 636 943
16 26
8 1
60 77 116 197 309 502 635 650
11 21 6 22 13 20 24
8 2
84 148 252 298 371 394 418 544
5 10 5 7 23 11 14
918 8
9 1
50 86 107 155 298 399 403 544 690
22 78 40 47 40 19 26 41
9 2
89 118 134 203 286 531 539 582 677
8 62 25 61 18 39 43 18
10 1
18 25 38 71 140 246 386 424 650 720
28 72 23 73 41 79 88 89 12
4 2
632 745 757 885
61 50 82
4 2
240 311 339 542
70 18 32
8 1
131 164 169 230 296 461 550 734
76 34 16 47 86 18 65
8 2
217 247 303 439 489 514 682 926
44 61 56 46 69 1 52
2 2
891 906
46
939 8
6 1
247 411 712 774 797 806
27 29 2 15 12
7 2
66 119 239 337 363 574 785
2 29 7 19 22 36
3 1
340 443 735
44 4
3 1
369 677 728
9 27
5 2
154 269 293 350 632
11 16 11 33
8 1
215 221 266 290 319 449 474 615
23 41 43 4 28 4 40
1 1
708

5 1
257 279 404 438 840
27 33 7 34
921 8
10 2
95 104 192 221 232 251 315 371 452 500
12 8 22 16 3 18 7 27 8
6 2
256 374 512 620 690 695
13 24 6 13 18
9 2
50 93 101 108 161 248 388 685 743
14 24 17 21 18 6 1 23
1 1
648

3 1
342 472 505
18 18
6 2
323 330 375 387 415 602
28 6 10 29 8
7 1
161 278 365 374 725 995 999
12 5 7 23 19 12
1 1
922

42 8
2 1
7 8
10
2 1
5 7
6
2 1
5 7
6
2 1
5 7
6
2 1
5 7
6
2 1
5 7
6
2 1
5 7
6
2 1
5 7
6
959 8
6 1
152 208 324 369 580 933
13 8 19 1 17
8 2
104 143 241 320 389 672 884 976
16 17 1 8 17 16 16
6 1
92 151 279 355 407 759
2 13 4 13 6
8 1
68 82 135 231 270 497 789 861
13 12 15 7 7 11 12
4 2
379 424 781 864
12 13 13
9 2
46 87 144 172 202 266 275 348 558
16 9 4 13 5 6 5 15
8 1
93 119 180 240 295 403 801 936
19 11 13 13 17 5 16
7 1
160 214 234 341 472 564 957
1 1 2 13 11 14
960 8
10 1
62 68 129 157 243 254 310 340 564 875
21 19 10 12 12 19 24 19 10
10 2
24 38 75 84 136 250 418 454 488 582
13 11 11 1 5 22 19 3 24
10 1
55 71 73 82 105 150 285 360 413 514
2 12 19 5 22 7 13 13 1
10 2
78 82 116 134 172 181 288 427 758 876
14 13 23 3 21 17 2 23 18
10 1
23 26 40 72 134 166 267 309 387 662
14 9 23 17 18 4 9 6 24
10 2
111 138 159 168 177 264 272 417 624 839
17 2 16 14 4 15 4 2 5
10 2
46 51 72 81 129 147 197 379 664 761
12 13 21 18 10 24 1 3 17
10 2
73 77 96 118 189 327 477 544 555 559
6 20 14 20 8 7 17 15 5
993 8
5 1
311 445 623 709 979
7 18 13 6
5 1
219 325 429 716 857
1 14 5 9
9 2
26 44 50 91 163 279 449 484 923
18 11 18 13 19 7 13 14
1 1
984

10 2
41 70 118 203 221 288 457 644 772 908
14 18 12 4 8 4 19 17 5
8 2
147 274 325 600 902 921 933 938
18 5 12 4 18 3 15
5 1
445 480 524 706 971
17 10 13 16
6 2
249 382 512 623 906 966
17 17 10 5 18
922 8
10 1
36 50 82 164 233 285 388 569 690 996
27 28 2 20 39 13 46 36 4
5 2
341 537 700 742 961
46 24 33 33
6 2
124 144 232 348 604 642
38 20 9 14 14
9 1
104 118 136 238 267 337 365 488 704
19 13 13 15 39 29 7 7
10 1
39 42 70 89 157 294 376 476 620 810
26 10 14 23 37 27 24 12 19
7 2
114 175 283 341 355 403 504
24 10 9 3 18 12
2 2
703 897
39
4 1
489 503 771 844
6 32 39
1000 8
10 10
697 698 699 700 701 702 703 704 705 1000
68 11 92 47 41 41 11 35 1000
10 10
381 382 383 384 385 386 387 388 389 1000
42 62 85 51 84 89 85 55 1000
10 10
235 236 237 238 239 240 241 242 243 1000
11 30 27 25 56 4 14 2 1000
10 10
938 939 940 941 942 943 944 945 946 1000
99 98 12 96 65 22 39 12 1000
10 10
915 916 917 918 919 920 921 922 923 1000
79 22 49 51 15 63 88 17 1000
10 10
746 747 748 749 750 751 752 753 754 1000
28 2 53 74 64 82 100 40 1000
10 10
97 98 99 100 101 102 103 104 105 1000
56 53 91 65 52 88 77 99 1000
10 10
512 513 514 515 516 517 518 519 520 1000
50 37 15 16 67 89 65 17 1000
974 8
6 1
345 430 447 472 596 609
12 9 4 1 2
6 2
165 167 278 493 813 868
1 17 17 9 20
8 1
103 104 152 155 226 301 433 561
4 20 3 11 5 11 5
10 2
15 20 35 51 53 81 138 247 292 562
4 12 19 2 15 1 4 15 9
1 1
829

4 2
270 486 950 998
20 23 12
1 1
772

6 1
314 446 466 477 516 638
20 17 17 21 7
967 8
1 1
726

6 1
194 339 442 475 646 688
13 1 4 1 6
1 1
507

2 2
619 814
4
4 2
399 516 663 869
2 3 11
1 1
543

1 1
949

10 2
15 19 30 54 79 128 248 273 456 822
5 18 15 7 8 3 17 8 9
977 8
5 1
322 359 382 486 541
32 4 5 18
8 1
118 136 144 153 270 305 481 885
30 6 3 24 22 8 17
8 2
54 61 85 93 178 301 431 659
31 14 3 3 9 16 19
5 2
163 217 233 367 537
21 16 17 25
10 1
45 54 72 84 92 161 170 285 416 505
16 22 18 11 19 26 1 17 22
2 1
440 682
7
1 1
903

7 2
71 132 202 205 266 313 612
3 24 1 1 15 21
947 8
2 1
767 974
15
1 1
846

2 1
480 911
25
4 2
339 405 419 836
32 93 23
3 1
154 264 523
84 76
4 1
390 452 540 989
92 31 59
9 1
168 179 200 241 348 361 436 577 778
64 34 18 50 38 45 48 32
8 2
119 139 148 225 226 418 728 734
21 29 41 53 75 93 68
944 8
3 2
414 487 771
4 15
7 2
158 190 239 262 444 464 719
14 11 14 4 9 3
9 1
23 43 61 81 115 127 235 393 715
1 11 5 3 10 18 2 12
8 2
67 74 131 253 350 363 406 618
6 12 11 2 18 4 4
4 2
165 192 341 581
18 13 13
4 2
187 316 485 699
3 13 6
9 1
100 172 176 320 542 555 565 568 897
16 7 14 11 14 18 15 14
9 2
73 144 239 393 413 626 766 918 976
11 4 12 9 13 14 13 5
981 8
9 2
59 102 115 162 310 443 452 489 587
10 23 10 17 3 3 11 12
5 1
352 598 621 901 944
14 9 23 18
5 2
91 114 140 270 517
10 19 21 3
4 1
217 387 546 967
24 11 10
4 2
591 695 708 772
5 21 17
1 1
820

6 2
186 297 362 406 458 626
14 6 22 7 5
7 2
74 86 138 261 316 324 584
14 24 3 1 8 6
906 8
10 1
212 222 275 295 337 423 469 580 647 722
2 5 14 1 16 16 15 12 5
10 1
75 103 107 166 179 183 232 311 461 631
8 9 3 12 5 11 10 4 6
10 2
56 87 106 133 160 178 283 294 474 541
1 3 3 13 9 4 6 11 17
10 2
156 181 217 230 235 242 288 316 330 546
14 6 4 5 8 8 2 1 4
10 2
91 117 139 153 235 344 374 589 683 731
14 7 17 5 15 13 13 12 4
10 2
76 94 146 206 357 388 727 822 830 979
11 17 2 11 10 15 18 4 14
10 1
144 159 186 190 232 314 320 634 739 967
11 1 17 18 9 12 12 8 5
10 2
77 79 95 97 103 106 148 183 351 649
9 16 10 2 4 12 8 16 3
983 8
10 2
76 101 152 182 238 314 348 432 456 882
3 18 1 8 17 16 46 37 3
10 1
88 91 158 205 216 262 278 527 834 925
37 12 33 45 28 14 35 34 14
10 1
51 57 113 211 230 336 434 492 666 784
30 1 28 12 17 28 21 15 27
10 2
35 37 63 94 168 292 441 607 608 616
28 41 24 3 17 22 47 28 19
10 2
55 104 120 166 178 185 223 280 546 632
32 49 44 16 28 36 36 24 8
10 1
31 35 38 76 146 157 260 467 574 802
43 25 11 22 42 20 42 36 32
10 1
51 73 102 158 192 238 265 525 540 847
2 20 36 7 20 22 1 14 10
10 1
32 52 73 84 141 145 172 282 485 710
33 36 38 17 35 34 43 28 3
989 8
9 2
17 33 57 102 113 213 425 527 670
21 7 30 5 23 15 10 1
2 2
690 860
27
6 2
113 202 237 297 385 562
5 3 7 16 7
2 2
453 830
22
7 2
72 87 150 201 350 558 949
16 7 15 18 17 4
7 2
46 85 146 188 363 464 721
11 20 32 26 32 3
2 1
932 948
17
7 2
124 168 211 342 514 524 586
19 24 30 28 11 17
941 8
9 1
64 101 107 126 186 230 356 399 553
23 5 1 23 9 3 19 15
7 1
69 104 124 235 322 511 617
13 11 23 23 8 15
10 2
179 187 254 289 325 520 566 626 840 916
10 3 15 5 16 5 15 6 2
9 1
155 199 325 436 578 622 774 829 907
8 20 17 23 23 11 1 2
1 1
828

6 1
132 135 253 485 735 966
20 21 1 3 9
4 1
350 519 560 641
23 13 20
7 2
117 130 238 431 711 744 828
17 17 21 10 23 14
923 8
4 1
297 307 429 548
4 17 9
3 2
479 501 566
1 11
2 2
516 879
14
7 1
288 472 515 563 673 701 798
7 7 3 18 10 18
7 1
274 281 308 343 357 386 670
10 8 3 7 12 7
9 2
40 80 111 134 159 216 237 399 536
4 10 1 13 8 2 17 7
6 1
176 224 360 401 558 592
10 10 3 10 7
8 1
117 191 214 235 392 493 615 719
11 5 7 7 16 17 10
20 8
3 1
1 10 100
1 2
3 1
1 10 100
1 3
3 1
1 10 100
1 4
3 1
1 10 100
1 5
3 1
1 10 100
1 6
3 1
1 10 100
1 7
3 1
1 10 100
1 8
3 1
1 10 100
1 9
945 8
10 2
94 96 171 244 247 349 354 617 638 933
5 1 13 18 14 7 10 18 9
10 1
57 81 124 151 275 423 559 913 937 966
4 18 12 18 16 4 16 15 9
10 2
22 36 73 122 162 223 446 525 663 935
10 4 5 13 12 14 10 8 7
10 1
36 39 63 123 165 195 359 669 710 881
2 18 2 7 7 12 13 12 17
10 2
45 61 122 178 194 336 443 546 886 915
11 4 15 2 14 3 3 10 13
10 2
23 24 35 58 86 125 231 328 486 556
13 15 1 1 12 5 14 6 13
10 2
52 67 102 123 203 228 332 361 459 507
6 18 9 11 4 4 10 18 5
10 1
59 65 98 110 155 169 206 391 750 982
7 1 12 9 9 11 10 1 17
902 8
8 1
68 103 161 248 434 529 655 975
10 7 18 2 9 17 4
7 2
93 149 231 308 548 579 938
24 21 1 30 27 25
10 1
101 111 127 139 176 238 270 427 574 792
19 15 5 9 1 9 20 17 19
1 1
708

7 2
103 157 208 253 306 590 960
4 15 11 2 3 27
4 2
591 792 982 990
16 29 12
10 2
54 85 118 129 163 246 269 340 613 924
17 7 20 25 20 2 18 13 10
10 1
47 57 75 103 153 282 395 525 648 877
2 12 22 8 7 19 2 23 10
994 8
10 2
71 77 114 153 278 439 472 633 790 826
1 21 37 36 19 4 41 3 33
7 1
50 96 125 161 213 257 507
15 10 30 38 13 20
10 2
70 86 102 159 176 215 271 357 424 788
47 2 29 37 17 3 12 22 23
5 1
152 166 329 341 522
11 24 2 46
2 2
533 742
34
8 1
51 86 144 156 234 392 610 828
14 35 44 25 11 30 8
10 2
27 37 48 79 98 124 158 307 520 692
19 5 2 16 10 17 23 44 20
9 2
79 83 104 119 159 254 496 632 713
18 27 20 30 13 38 42 20
909 8
8 2
34 61 85 156 261 306 394 527
3 18 21 6 7 5 13
5 2
531 546 645 945 993
20 10 1 6
3 1
476 675 677
2 21
10 2
24 33 47 89 178 268 274 286 382 540
8 4 3 13 10 7 12 12 15
7 2
283 332 360 386 536 609 953
21 19 9 3 4 4
2 1
557 710
21
3 1
432 650 898
17 14
9 2
103 136 155 181 293 343 641 908 998
19 7 9 2 19 7 17 17
1000 8
10 2
86 106 211 217 338 440 477 701 818 861
78 15 2 62 76 64 51 35 30
5 2
103 135 260 445 742
65 4 69 1
5 2
178 214 372 649 975
96 58 8 65
9 1
33 42 59 84 137 225 235 359 545
20 80 53 73 86 56 61 97
5 2
171 227 331 473 578
2 59 27 30
1 1
870

6 2
275 367 471 530 586 741
77 46 69 6 39
10 1
80 89 92 95 119 144 279 332 337 594
83 30 43 23 38 35 93 51 6
943 8
10 1
109 134 162 238 469 656 659 709 745 781
3 23 27 19 22 15 12 26 21
10 1
44 59 65 88 146 227 307 321 368 594
11 25 1 2 8 11 8 5 26
10 2
80 99 103 183 197 323 373 474 558 723
1 20 27 2 30 3 6 10 1
10 1
47 49 88 120 229 280 326 341 456 710
11 16 22 16 10 1 25 20 30
10 1
53 57 83 151 159 219 359 429 746 768
10 1 25 14 15 2 19 8 4
10 1
15 18 28 37 66 122 151 270 415 517
18 21 9 26 23 31 26 11 4
10 2
39 41 79 109 117 215 409 441 620 703
21 9 26 14 4 8 27 30 2
10 2
32 65 85 104 120 197 333 382 510 747
17 23 3 27 24 21 15 18 10
992 8
3 2
480 527 746
8 16
1 1
721

7 2
121 185 200 370 440 620 844
26 33 65 74 93 99
5 1
303 434 473 654 832
41 35 2 65
2 1
581 676
41
5 1
260 323 477 647 955
41 12 72 35
5 2
584 609 640 655 720
11 59 3 45
4 2
327 509 720 857
55 70 35
912 8
3 2
646 719 774
2 11
4 2
467 661 667 866
4 3 7
3 2
229 459 502
13 11
10 1
35 52 100 125 127 146 186 290 365 619
15 2 8 6 11 7 16 14 1
3 2
588 652 883
17 18
9 1
80 82 152 165 177 332 557 561 974
2 2 13 11 10 14 8 11
5 2
205 337 404 638 859
13 14 17 3
6 1
65 96 155 193 366 547
2 2 14 2 12
946 8
10 1
25 45 47 84 108 149 256 267 286 555
64 19 30 8 90 4 87 50 87
10 2
37 45 69 126 182 287 398 444 648 926
37 65 10 69 6 26 24 41 85
10 1
12 19 32 49 70 141 161 207 276 511
62 39 60 40 87 44 51 69 31
10 2
16 33 60 72 79 137 183 328 625 867
61 36 8 2 81 35 21 60 92
10 2
54 69 100 105 151 205 212 244 456 885
45 19 79 19 88 51 55 70 94
10 1
105 119 124 149 252 417 460 488 681 688
72 60 56 10 81 69 44 84 38
10 1
21 38 66 85 139 177 279 360 467 568
58 16 86 12 46 3 11 22 45
10 2
57 66 83 142 158 233 281 448 552 671
62 89 45 64 44 70 12 50 60
933 8
8 2
87 95 107 162 258 416 570 730
1 1 46 36 34 35 2
2 1
656 913
3
2 2
289 514
45
8 2
104 163 186 261 279 454 576 893
18 46 4 45 2 15 26
10 1
14 21 42 50 62 97 186 312 409 512
20 41 25 20 36 34 16 27 3
4 1
368 565 829 978
46 15 36
5 1
457 533 619 622 774
34 22 20 29
10 2
72 79 86 131 178 244 274 488 818 839
29 15 6 34 2 46 45 9 43
